[1,["f6SJZOjTJB/JrJeh5xTdF7","7eSgzL7kVJjJFNEicJSS8X@72dea","7eSgzL7kVJjJFNEicJSS8X@c4192","7eSgzL7kVJjJFNEicJSS8X@438fe"],["_parent","node","_effectAsset","root","data","_mesh","_skeleton"],[["cc.Node",["_name","_prefab","_children","_parent","_components","_lrot","_euler","_lpos"],2,4,2,1,9,5,5,5],["cc.Skeleton",["_name","_hash","_joints","_bindposes"],0,12],["cc.Material",["_name","_states","_defines","_props"],0,12],["cc.Mesh",["_native","_hash","_struct"],1,11],["cc.Prefab",[],3],["cc.Node",["_name","_parent","_children","_prefab","_lpos","_lrot","_euler"],2,1,9,4,5,5,5],["cc.SkeletalAnimation",["node","__prefab"],3,1,4],["cc.CompPrefabInfo",["fileId"],2],["cc.PrefabInfo",["fileId","instance","targetOverrides","nestedPrefabInstanceRoots","root","asset"],-1,1,1],["cc.SkinnedMeshRenderer",["node","__prefab","_materials","bakeSettings","_skinningRoot","_mesh","_skeleton"],3,1,4,3,4,1,6,6],["cc.ModelBakeSettings",[],3]],[[8,0,1,2,3,4,5,5],[0,0,3,1,7,5,6,2],[5,0,1,2,3,4,5,6,2],[7,0,2],[1,0,1,2,3,4],[2,0,1,2,3,4],[3,0,1,2,3],[4,1],[0,0,2,4,1,2],[0,0,2,1,5,6,2],[0,0,3,2,1,2],[0,0,3,4,1,2],[6,0,1,1],[9,0,1,2,3,4,5,6,1],[10,1]],[[[[4,"Skin-0",2192605680,["WINDOW_05_1_rig/Root","WINDOW_05_1_rig/Root/Left","WINDOW_05_1_rig/Root/Left/Left_Window","WINDOW_05_1_rig/Root/Right","WINDOW_05_1_rig/Root/Right/Right_Window"],[[[7,-0.008698844350874424,0.9980728626251221,-0.061441101133823395,0,-0.06144070252776146,0.06079386547207832,0.9962576031684875,0,0.9980728030204773,0.012441275641322136,0.06079346314072609,0,-3.451274110943814e-8,-3.9054145872796653e-7,-5.733527785878323e-8,1],[7,0.027396434918045998,-0.2923130393028259,0.9559302926063538,0,0.08250703662633896,0.9536871910095215,0.28926271200180054,0,-0.9962139129638672,0.07094617933034897,0.05024551972746849,0,-0.030005840584635735,0.35000768303871155,-1.4612634181976318,1],[7,1.32434522015501e-7,-0.9999997615814209,-1.6996628104948286e-8,0,-4.3711374075883214e-8,-1.6996633434018804e-8,0.9999997615814209,0,-0.9999997615814209,-1.32434522015501e-7,-4.371137762859689e-8,0,0.13360096514225006,1.026574969291687,-1.6359394788742065,1],[7,0.009140955284237862,0.2973339557647705,-0.9547298550605774,0,-0.08095543086528778,0.9518557190895081,0.2956637740135193,0,0.9966758489608765,0.07458790391683578,0.03277166560292244,0,-0.024950629100203514,-0.5343632698059082,1.4044679403305054,1],[7,1.1704320002081658e-7,1,-4.237517714500427e-8,0,4.3711395392165286e-8,4.2375170039576915e-8,1,0,1,-1.1704320712624394e-7,-4.371138828673793e-8,0,-0.1336013823747635,-1.9580442905426025,-1.5577054023742676,1]],8,8,8,8,8]]],0,0,[],[],[]],[[[5,"House_01_material",[{"rasterizerState":{},"blendState":{"targets":[{}]},"depthStencilState":{}}],[{"DCC_APP_NAME":2,"HAS_EXPORTED_METALLIC":true}],[[[{"shininessExponent":0,"emissiveScale":1,"metallic":0,"specularFactor":0.25,"transparencyFactor":0},"mainColor",8,[4,4294967295],"emissive",8,[4,4278190080]]],11]]],0,0,[0],[2],[0]],[[[6,".bin",2753091390,[{"primitives":[{"primitiveMode":7,"jointMapIndex":0,"vertexBundelIndices":[0],"indexView":{"offset":450216,"length":13656,"count":6828,"stride":2}}],"vertexBundles":[{"view":{"offset":0,"length":450216,"count":6253,"stride":72},"attributes":[{"name":"a_position","format":32,"isNormalized":false},{"name":"a_normal","format":32,"isNormalized":false},{"name":"a_texCoord","format":21,"isNormalized":false},{"name":"a_tangent","format":44,"isNormalized":false},{"name":"a_joints","format":42,"isNormalized":false},{"name":"a_weights","format":44,"isNormalized":false}]}],"jointMaps":[[0,2,4]]},"minPosition",8,[1,-1.4138606192933e-15,-1.168258911832254e-8,-0.07939513027667999],"maxPosition",8,[1,2.999999523162842,3.000000238418579,0.41119295358657837]]],-1],0,0,[],[],[]],[[[7],[8,"WINDOW_05_1_rig",[-3,-4],[[12,-2,[3,"13QXi65x9YKquh7IDh8S65"]]],[0,"25Pu8O7cFdvLNHuvGu7HpM",null,null,null,-1,0]],[9,"Root",[-5,-6],[0,"79nQFH3iRTiaauVmNXxhIF",null,null,null,1,0],[3,-0.4662923415120287,-0.5021700155627767,-0.5021700155627767,0.5274675375666171],[1,-86.50803704096941,-90.49935988147845,-3.5225113013585885]],[10,"WINDOW_05_1_rig",1,[2],[0,"3b5lb42kBSX5IpgCpjWlWN",null,null,null,1,0]],[2,"Left",2,[[1,"Left_Window",-7,[0,"72NHmPGadR87ExwrPJY/5y",null,null,null,1,0],[1,-2.0489096641540527e-8,1.619579553604126,-1.2991949915885925e-7],[3,-0.5946929983880841,0.041341859381751694,-0.0135622889138862,0.8027746586997289],[1,-72.95929324532179,2.8873552918367387,-4.06834436452841]]],[0,"c2aDSb7h5dFZuCDTmQkEDD",null,null,null,1,0],[1,1.862645149230957e-9,1.502895712852478,-5.704350769519806e-9],[3,0.014016390258544292,0.6193165364996446,0.785014533215146,0.001658632934388354],[1,-103.46992829172606,-178.8565478468134,1.144001515454607]],[2,"Right",2,[[1,"Right_Window",-8,[0,"4eJdWXMW1d9YGzmWQAp3l8",null,null,null,1,0],[1,-5.587935447692871e-9,1.5405054092407227,9.778887033462524e-9],[3,-0.5923845863668875,-0.0353355860457803,0.020334719077414905,0.804623139981554],[1,-72.65260431910941,-1.8832649031720166,4.277554968453165]]],[0,"73eHVs9wdUs4hJvB4uPa3m",null,null,null,1,0],[1,1.862645149230957e-9,1.502895712852478,-5.704350769519806e-9],[3,0.5676451975032274,0.013202207287566853,0.0009799531054961277,0.8231668549973141],[1,69.16947524458729,1.1818407767471495,0.9512492640869282]],[11,"WINDOW_05_1",1,[[13,-9,[3,"88boL2Q/lQvYuC80MMIPTL"],[0],[14],1,1,2]],[0,"55Maq3skZTvL2gxvCx8rEH",null,null,null,1,0]]],0,[0,3,1,0,1,1,0,-1,3,0,-2,6,0,-1,4,0,-2,5,0,0,4,0,0,5,0,1,6,0,4,1,2,0,3,9],[0,0,0],[-1,5,6],[1,2,3]]]]
