[1,["f6SJZOjTJB/JrJeh5xTdF7","53OdUha21C9oMlt7NZuT9l@72dea","53OdUha21C9oMlt7NZuT9l@145db","53OdUha21C9oMlt7NZuT9l@438fe"],["_parent","node","_effectAsset","root","data","_mesh","_skeleton"],[["cc.Node",["_name","_prefab","_children","_parent","_components","_lrot","_euler","_lpos"],2,4,2,1,9,5,5,5],["cc.Mesh",["_native","_hash","_struct"],1,11],["cc.Skeleton",["_name","_hash","_joints","_bindposes"],0,12],["cc.Material",["_name","_states","_defines","_props"],0,12],["cc.Prefab",[],3],["cc.Node",["_name","_parent","_children","_prefab","_lpos","_lrot","_euler"],2,1,9,4,5,5,5],["cc.SkeletalAnimation",["node","__prefab"],3,1,4],["cc.CompPrefabInfo",["fileId"],2],["cc.PrefabInfo",["fileId","instance","targetOverrides","nestedPrefabInstanceRoots","root","asset"],-1,1,1],["cc.SkinnedMeshRenderer",["node","__prefab","_materials","bakeSettings","_skinningRoot","_mesh","_skeleton"],3,1,4,3,4,1,6,6],["cc.ModelBakeSettings",[],3]],[[8,0,1,2,3,4,5,5],[0,0,3,1,7,5,6,2],[5,0,1,2,3,4,5,6,2],[7,0,2],[1,0,1,2,3],[2,0,1,2,3,4],[3,0,1,2,3,4],[4,1],[0,0,2,4,1,2],[0,0,2,1,5,6,2],[0,0,3,2,1,2],[0,0,3,4,1,2],[6,0,1,1],[9,0,1,2,3,4,5,6,1],[10,1]],[[[[4,".bin",3821601846,[{"primitives":[{"primitiveMode":7,"jointMapIndex":0,"vertexBundelIndices":[0],"indexView":{"offset":177264,"length":5268,"count":2634,"stride":2}}],"vertexBundles":[{"view":{"offset":0,"length":177264,"count":2462,"stride":72},"attributes":[{"name":"a_position","format":32,"isNormalized":false},{"name":"a_normal","format":32,"isNormalized":false},{"name":"a_texCoord","format":21,"isNormalized":false},{"name":"a_tangent","format":44,"isNormalized":false},{"name":"a_joints","format":42,"isNormalized":false},{"name":"a_weights","format":44,"isNormalized":false}]}],"jointMaps":[[0,2,4]]},"minPosition",8,[1,5.912107781114173e-8,-1.0941693773247607e-8,-0.0690101906657219],"maxPosition",8,[1,2.999999761581421,3,0.17481198906898499]]],-1],0,0,[],[],[]],[[[5,"Skin-0",1616420233,["WINDOW_06_1_rig/Root","WINDOW_06_1_rig/Root/Left","WINDOW_06_1_rig/Root/Left/Left_Window","WINDOW_06_1_rig/Root/Right","WINDOW_06_1_rig/Root/Right/Right_Window"],[[[7,-0.008698939345777035,0.9980727434158325,-0.06143960729241371,0,-0.061440709978342056,0.060792356729507446,0.9962576031684875,0,0.9980727434158325,0.01244127843528986,0.06079348176717758,0,-3.3872677995816503e-9,1.724167830730039e-8,7.001742829970681e-8,1],[7,-0.03887983411550522,-0.44991135597229004,0.8922264575958252,0,-0.0030433195643126965,0.8929508328437805,0.4501439034938812,0,-0.9992390871047974,0.014786193147301674,-0.03608700633049011,0,0.07728153467178345,0.5930048823356628,-1.3787931203842163,1],[7,1.2908144242373965e-7,-1,3.501991443499719e-7,0,-4.371138473402425e-8,3.5019908750655304e-7,1.0000001192092896,0,-1,-1.2908145663459436e-7,-4.371134565417378e-8,0,0.0426798015832901,0.7702850699424744,-1.5396493673324585,1],[7,0.21369703114032745,0.42723843455314636,-0.8785218596458435,0,-0.11705324053764343,0.9040149450302124,0.4111633598804474,0,0.9698619246482849,0.01496943924576044,0.24319495260715485,0,-0.3279852569103241,-0.7237343192100525,1.2756690979003906,1],[7,1.9427008624006703e-7,0.9999999403953552,-2.7939677238464355e-8,0,4.371138828673793e-8,2.793966480396648e-8,1.0000001192092896,0,1,-1.942700578183576e-7,-4.371138118131057e-8,0,-0.04268019646406174,-2.184460163116455,-1.5396488904953003,1]],8,8,8,8,8]]],0,0,[],[],[]],[[[6,"House_01_material",[{"rasterizerState":{},"blendState":{"targets":[{}]},"depthStencilState":{}}],[{"DCC_APP_NAME":2,"HAS_EXPORTED_METALLIC":true}],[[[{"shininessExponent":0,"emissiveScale":1,"metallic":0,"specularFactor":0.25,"transparencyFactor":0},"mainColor",8,[4,4294967295],"emissive",8,[4,4278190080]]],11]]],0,0,[0],[2],[0]],[[[7],[8,"WINDOW_06_1_rig",[-3,-4],[[12,-2,[3,"41zbKCMTpTubbTkGgxCLo1"]]],[0,"3aj4OsFL5Z7I3stwIzCOwj",null,null,null,-1,0]],[9,"Root",[-5,-6],[0,"a9Q28PMAJYZbUUUD0Y9Qc9",null,null,null,1,0],[3,-0.46629262541708033,-0.5021697344304727,-0.5021703900815734,0.5274671976805717],[1,-86.50811075308586,-90.49937065095199,-3.522513067929648]],[10,"WINDOW_06_1_rig",1,[2],[0,"3fp1anS6VdH5SWPZSA10YC",null,null,null,1,0]],[2,"Left",2,[[1,"Left_Window",-7,[0,"6b2BjoQeNXhZU8p3DF6NmR",null,null,null,1,0],[1,-7.916241884231567e-9,1.6219065189361572,-1.157168298959732e-7],[3,-0.5242096365447442,-0.011490432008252819,-0.015758881885798666,0.8513658934721313],[1,-63.25881688625082,-2.0683102971605747,-0.8472268245230512]]],[0,"b690Whid1dB5IgoQ78ebp6",null,null,null,1,0],[1,2.3283064365386963e-9,1.5028961896896362,-6.505213034913027e-19],[3,-0.039811858061728614,0.5501744291662712,0.8340876911569597,-0.0045647463996055385],[1,-113.27203780069281,176.4757105971781,-2.9475480682458617]],[2,"Right",2,[[1,"Right_Window",-8,[0,"a103LEZkBW14GqtEOX1GKL",null,null,null,1,0],[1,-3.725290298461914e-9,1.6020556688308716,-1.7136335372924805e-7],[3,-0.5318506893155447,-0.1074863212500529,-0.05929382820288085,0.8378936549203352],[1,-64.7045510823468,-14.076806974878265,0.8577213931851914]]],[0,"c35gG91bhb0YFmrSksX5xD",null,null,null,1,0],[1,2.3283064365386963e-9,1.5028961896896362,-6.505213034913027e-19],[3,0.503333936729929,0.08638218225934473,0.07665027093296743,0.8563397705875676],[1,60.43217556116079,4.159426030049347,12.605417622487614]],[11,"WINDOW_06_1",1,[[13,-9,[3,"b7V3hrIF5QXarBo5aF0Ikx"],[0],[14],1,1,2]],[0,"c8uDSTbvVVj5YMU0QiOxPE",null,null,null,1,0]]],0,[0,3,1,0,1,1,0,-1,3,0,-2,6,0,-1,4,0,-2,5,0,0,4,0,0,5,0,1,6,0,4,1,2,0,3,9],[0,0,0],[-1,5,6],[1,2,3]]]]
