[1,["f6SJZOjTJB/JrJeh5xTdF7","2eHIjeWzBCvb3qhT78wYrd@72dea","2eHIjeWzBCvb3qhT78wYrd@6da96","2eHIjeWzBCvb3qhT78wYrd@438fe"],["_parent","node","_effectAsset","root","data","_mesh","_skeleton"],[["cc.Node",["_name","_prefab","_children","_parent","_components","_lrot","_euler","_lpos"],2,4,2,1,9,5,5,5],["cc.Skeleton",["_name","_hash","_joints","_bindposes"],0,12],["cc.Mesh",["_native","_hash","_struct"],1,11],["cc.Material",["_name","_states","_defines","_props"],0,12],["cc.Prefab",[],3],["cc.Node",["_name","_parent","_children","_prefab","_lpos","_lrot","_euler"],2,1,9,4,5,5,5],["cc.SkeletalAnimation",["node","__prefab"],3,1,4],["cc.CompPrefabInfo",["fileId"],2],["cc.PrefabInfo",["fileId","instance","targetOverrides","nestedPrefabInstanceRoots","root","asset"],-1,1,1],["cc.SkinnedMeshRenderer",["node","__prefab","_materials","bakeSettings","_skinningRoot","_mesh","_skeleton"],3,1,4,3,4,1,6,6],["cc.ModelBakeSettings",[],3]],[[8,0,1,2,3,4,5,5],[0,0,3,1,7,5,6,2],[5,0,1,2,3,4,5,6,2],[7,0,2],[1,0,1,2,3,4],[2,0,1,2,3],[3,0,1,2,3,4],[4,1],[0,0,2,4,1,2],[0,0,2,1,5,6,2],[0,0,3,2,1,2],[0,0,3,4,1,2],[6,0,1,1],[9,0,1,2,3,4,5,6,1],[10,1]],[[[[4,"Skin-0",4121059945,["DOOR_03_1_rig/Root","DOOR_03_1_rig/Root/Left","DOOR_03_1_rig/Root/Left/Door_left","DOOR_03_1_rig/Root/Right","DOOR_03_1_rig/Root/Right/Door_right"],[[[7,4.724514113263467e-9,0.9999462962150574,0.010363594628870487,0,-1,3.479171617470911e-9,1.201831167918499e-7,0,1.2014061212539673e-7,-0.010363594628870487,0.9999462962150574,0,-1.3537238885419356e-7,9.235560582965263e-8,-3.6624323573875017e-9,1],[7,0.025099344551563263,-0.5934959053993225,0.8044456243515015,0,0.009789527393877506,0.8048065304756165,0.5934565663337708,0,-0.9996371865272522,-0.007020228076726198,0.02601015567779541,0,-0.05322439968585968,0.8907171487808228,-1.207053303718567,1],[7,0.02120360918343067,0.9997750520706177,0.0006579878972843289,0,0.0006609170814044774,-0.0006721526733599603,0.9999997019767761,0,0.999775230884552,-0.021203160285949707,-0.0006750202155672014,0,0.006483092904090881,-0.7924765944480896,-0.9608670473098755,1],[7,0.036194778978824615,0.5936381816864014,0.8039177060127258,0,-0.035412922501564026,0.8047016263008118,-0.5926224589347839,0,-0.9987171292304993,-0.007019235286861658,0.05014844611287117,0,-0.06986414641141891,-0.8911489248275757,-1.2058855295181274,1],[7,0.020729253068566322,-0.9997848272323608,-0.0006654521566815674,0,-0.0006646272377111018,-0.0006793751963414252,0.9999994039535522,0,-0.9997849464416504,-0.02072879858314991,-0.0006785670993849635,0,-0.06908955425024033,2.2091095447540283,-0.9588747620582581,1]],8,8,8,8,8]]],0,0,[],[],[]],[[[5,".bin",3097705772,[{"primitives":[{"primitiveMode":7,"jointMapIndex":0,"vertexBundelIndices":[0],"indexView":{"offset":111744,"length":3204,"count":1602,"stride":2}}],"vertexBundles":[{"view":{"offset":0,"length":111744,"count":1552,"stride":72},"attributes":[{"name":"a_position","format":32,"isNormalized":false},{"name":"a_normal","format":32,"isNormalized":false},{"name":"a_texCoord","format":21,"isNormalized":false},{"name":"a_tangent","format":44,"isNormalized":false},{"name":"a_joints","format":42,"isNormalized":false},{"name":"a_weights","format":44,"isNormalized":false}]}],"jointMaps":[[0,2,4]]},"minPosition",8,[1,-3.065512510502799e-9,-1.516560743652917e-8,-0.08149399608373642],"maxPosition",8,[1,2.999999761581421,2.999999761581421,0.03546593710780144]]],-1],0,0,[],[],[]],[[[6,"House_01_material",[{"rasterizerState":{},"blendState":{"targets":[{}]},"depthStencilState":{}}],[{"DCC_APP_NAME":2,"HAS_EXPORTED_METALLIC":true}],[[[{"shininessExponent":0,"emissiveScale":1,"metallic":0,"specularFactor":0.25,"transparencyFactor":0},"mainColor",8,[4,4294967295],"emissive",8,[4,4278190080]]],11]]],0,0,[0],[2],[0]],[[[7],[8,"DOOR_03_1_rig",[-3,-4],[[12,-2,[3,"b4nH4rla9RRYB/M4+Y8FLb"]]],[0,"bedSLRuJFTSqglKKcZjZQf",null,null,null,-1,0]],[9,"Root",[-5,-6],[0,"b1m8DAJG1X77yBTMNLxc74",null,null,null,1,0],[3,-0.0036641477848146217,0.0036641137915408564,-0.7070972280054575,0.7070973472147464],[1,0,0.593803173742134,-90]],[10,"DOOR_03_1_rig",1,[2],[0,"43bsKCWw9VjIyy4EYDcl/U",null,null,null,1,0]],[2,"Left",2,[[1,"Door_left",-7,[0,"f7ms9jNPBSQY+6iJGcA65e",null,null,null,1,0],[1,-9.313225746154785e-10,1.1932451725006104,4.889443516731262e-9],[3,0.0151097336773775,0.45031747218897805,0.8925530313841185,-0.018301812930656115],[1,-126.43185837708396,-177.50893288800302,-1.0922568158429524]]],[0,"d70tv+rOFdfLNxle/KZ2r7",null,null,null,1,0],[1,8.715250743307479e-15,1.5010621547698975,9.31332788667305e-10],[3,-0.62234616793791,0.30905071156258,0.6398300581389739,0.32831448587830975],[1,-126.42484756947837,90.5612699041642,2.0320140308869132]],[2,"Right",2,[[1,"Door_right",-8,[0,"a00ebd3T1X5IBKSBDhZzbL",null,null,null,1,0],[1,-3.725290298461914e-9,1.1933987140655518,1.1548399925231934e-7],[3,0.8925214446379086,0.0009321343424718921,-0.019001912403438053,-0.45060351675507404],[1,-126.44252096526233,1.8959781731502139,1.0765683590363653]]],[0,"5c9Q+ZHUNRc5F1ud78TEay",null,null,null,1,0],[1,8.715250743307479e-15,1.5010621547698975,9.31332788667305e-10],[3,-0.3095388100484211,0.6123293610597588,0.32763773055047346,0.6495321363702418],[1,-53.53564587203948,87.96838385905723,2.6676850221472277]],[11,"DOOR_03_1",1,[[13,-9,[3,"3fbOXbyJJRVbfbroJbWX6X"],[0],[14],1,1,2]],[0,"75d2iu2EFZD5eMrVM45NL+",null,null,null,1,0]]],0,[0,3,1,0,1,1,0,-1,3,0,-2,6,0,-1,4,0,-2,5,0,0,4,0,0,5,0,1,6,0,4,1,2,0,3,9],[0,0,0],[-1,5,6],[1,2,3]]]]
